2 5
3 11
4 10
5 9
6 16
7 12
8 6
9 13
10 8
11 6
12 8
13 6
14 7
15 10
16 8
17 6
18 6
19 6
20 9
21 11
22 7
23 5
24 6
25 5
26 14
27 8
28 9
29 5
30 9
31 4
32 11
33 6
34 5
35 2
36 4
37 7
38 9
39 13
40 6
41 2
42 5
43 5
44 6
45 6
46 4
47 8
48 12
49 9
50 8
51 4
52 8
53 7
54 10
55 3
56 4
57 5
58 3
59 9
60 10
61 6
62 2
63 8
64 7
65 2
66 9
67 4
68 4
69 4
70 10
71 7
72 4
73 6
74 5
75 4
76 5
77 9
78 7
79 4
80 4
81 3
82 8
83 5
84 6
85 9
86 4
87 5
88 7
89 4
90 6
91 7
92 4
93 6
94 3
95 9
96 8
97 9
98 7
99 5
100 13
101 5
102 4
103 2
104 3
105 4
106 4
107 8
108 3
109 5
110 6
111 7
112 4
113 6
114 5
115 6
116 4
117 6
118 4
119 7
120 4
121 3
122 5
123 10
124 3
125 4
126 2
127 4
128 2
129 2
130 3
131 3
132 9
133 4
134 8
135 10
136 6
137 4
138 4
139 3
140 4
141 2
142 3
143 1
144 3
145 5
146 15
147 8
148 5
149 5
150 8
151 8
152 2
153 6
154 10
156 2
157 8
158 5
159 1
160 6
161 5
162 3
163 2
164 7
165 2
166 6
167 4
168 6
169 10
170 6
171 5
172 2
173 2
174 4
175 4
176 7
177 5
178 7
179 5
180 7
181 8
182 4
183 5
184 6
185 4
186 5
187 1
188 7
189 8
190 9
191 2
192 4
193 4
194 7
195 5
196 6
197 5
198 5
199 5
200 5
201 3
202 6
203 6
204 6
205 5
206 7
207 3
208 4
209 3
210 6
211 4
212 5
213 3
214 1
215 6
216 4
217 4
218 3
219 7
220 4
221 2
222 4
223 7
224 2
225 3
226 8
227 8
228 2
229 6
230 6
231 5
232 4
233 7
234 8
235 5
236 5
237 5
238 6
239 3
240 8
241 6
242 8
243 3
244 3
245 3
246 9
247 5
248 3
249 6
250 8
251 4
252 3
253 4
254 3
255 4
256 7
257 8
258 7
259 6
260 3
261 5
262 5
263 6
264 5
265 5
266 7
267 4
268 7
269 3
270 3
271 4
272 3
273 7
274 2
275 6
276 3
277 3
278 4
279 8
280 3
281 5
282 5
283 4
284 3
285 8
286 3
287 4
288 5
289 4
290 4
291 5
292 4
293 3
294 6
295 2
296 5
298 5
299 7
300 4
301 6
302 6
303 3
304 9
305 7
306 3
307 3
308 4
309 5
310 8
311 4
312 4
314 6
315 3
316 4
317 5
318 5
319 3
320 6
321 1
322 4
323 4
324 5
325 4
326 6
327 4
328 2
329 4
330 2
331 1
332 3
333 6
334 1
335 1
336 3
337 7
338 3
339 6
340 2
341 3
342 4
343 4
344 3
345 2
346 3
347 4
348 6
349 3
350 4
351 4
352 4
353 4
354 7
355 3
356 5
357 2
358 4
359 3
360 6
361 4
362 6
363 2
364 2
365 3
366 5
367 4
368 3
369 5
370 4
371 5
372 6
373 3
374 6
375 2
376 6
377 4
378 7
379 3
380 3
381 5
382 4
383 4
384 3
385 5
386 3
387 5
388 1
389 6
390 3
391 1
392 2
393 4
394 2
395 5
396 6
397 1
398 2
399 4
400 3
401 5
402 2
403 5
404 3
405 3
406 3
407 4
408 4
409 3
410 5
411 7
412 3
413 1
414 2
415 3
416 3
417 4
419 3
420 3
421 6
422 5
423 5
424 6
425 4
426 4
427 4
428 5
429 3
430 8
431 4
432 4
433 3
434 3
435 6
436 7
437 3
438 3
439 3
440 4
441 6
442 5
443 4
444 4
445 5
446 2
447 3
448 1
449 7
450 1
452 1
453 7
454 4
455 8
456 6
457 7
458 4
459 5
460 4
461 7
462 2
463 2
464 3
465 4
466 5
467 5
469 3
470 5
471 5
472 8
473 5
474 1
475 7
476 3
477 7
478 4
479 3
480 1
481 5
482 1
483 1
484 8
485 3
486 5
487 3
488 2
489 4
490 2
492 3
493 3
494 3
495 4
496 3
497 2
498 1
499 4
500 7
501 3
502 2
503 3
504 2
505 2
506 5
507 7
508 3
509 4
511 3
512 5
513 5
514 1
515 2
516 6
517 6
518 1
519 4
520 11
521 4
522 4
523 2
524 5
525 2
526 5
527 2
528 2
529 4
530 3
531 7
532 2
533 2
534 1
535 6
536 3
537 3
538 5
539 4
540 2
541 2
542 6
543 3
544 4
545 2
546 6
547 7
548 7
549 5
550 5
551 1
552 1
553 2
554 5
555 2
556 3
557 3
559 6
560 2
561 1
562 4
563 5
564 1
565 3
566 4
567 2
568 3
569 5
570 1
571 2
572 2
573 1
574 1
575 3
576 2
577 3
578 4
579 2
580 4
581 2
582 3
583 4
584 5
585 3
586 4
587 4
588 3
589 5
590 6
591 2
592 6
593 5
594 4
595 2
597 2
598 3
599 2
600 3
601 1
602 2
603 4
604 2
605 4
606 3
607 6
608 2
609 4
610 3
611 4
612 7
613 4
614 3
615 3
616 3
617 4
618 3
619 6
620 1
621 4
623 7
624 5
625 3
626 3
627 1
628 6
629 3
630 3
631 2
632 5
633 4
634 2
635 3
636 4
638 3
639 4
640 5
641 1
642 1
643 5
645 5
646 1
647 4
648 2
649 1
650 6
651 4
652 3
653 6
654 7
655 5
656 1
657 3
658 4
659 2
660 3
661 3
662 4
663 3
664 3
665 3
666 2
667 3
668 2
669 5
670 2
671 3
672 2
673 6
674 5
675 2
676 2
677 4
678 6
679 6
680 2
681 1
682 4
684 9
685 1
686 3
687 5
688 3
689 5
690 5
691 4
692 2
693 4
694 3
695 2
696 2
697 4
698 2
699 5
700 5
701 4
702 2
703 4
704 3
705 2
706 2
707 1
708 7
709 2
710 3
711 3
712 2
713 1
714 3
715 2
716 5
717 6
718 1
719 2
720 6
721 2
722 2
723 5
724 1
725 2
726 6
727 3
728 3
729 2
730 3
731 4
732 1
733 2
734 3
735 5
736 1
737 3
738 1
739 4
740 1
741 7
742 4
743 3
744 1
745 6
746 3
747 2
749 4
750 2
751 5
752 1
753 4
755 3
756 4
757 3
758 4
759 1
760 3
761 6
763 2
764 1
765 2
766 3
767 8
768 2
769 2
770 4
771 1
772 2
773 7
774 2
775 2
776 3
777 5
778 3
779 1
780 4
781 3
783 3
784 4
785 3
786 2
787 6
788 2
789 1
790 2
791 2
792 9
793 1
794 2
795 4
796 2
797 1
798 5
799 2
800 3
801 2
802 1
803 1
804 3
805 4
806 2
807 2
808 3
809 3
810 3
811 5
812 7
813 5
814 3
816 4
817 1
818 4
819 4
820 6
821 3
822 2
823 2
824 2
825 4
826 1
827 2
828 2
829 5
830 6
831 5
832 4
833 3
834 3
835 2
836 3
837 4
838 4
839 5
840 1
841 2
842 3
843 1
844 2
845 1
846 4
847 2
848 4
849 2
850 2
851 4
852 2
853 3
854 5
855 5
857 6
858 2
859 2
860 8
861 2
862 3
863 6
864 2
865 5
866 4
867 3
868 3
869 2
870 1
871 1
873 3
874 1
875 3
876 3
877 2
879 7
880 2
881 4
882 1
883 3
884 2
885 2
886 2
887 2
888 3
889 2
890 2
891 5
892 3
893 3
894 5
895 2
896 4
897 2
898 5
899 5
900 4
901 1
902 7
903 1
904 4
905 3
906 5
907 2
908 2
909 1
910 4
911 4
913 2
914 1
915 6
916 2
918 1
919 4
920 3
921 1
922 1
923 1
924 4
925 3
926 2
927 3
928 3
929 2
930 1
931 4
932 2
933 1
934 5
935 1
936 1
937 1
939 2
940 2
941 4
942 2
943 4
944 2
945 5
947 2
948 3
949 6
950 2
951 3
952 2
953 4
954 4
955 9
956 4
957 3
958 3
959 3
960 1
961 5
962 3
963 3
964 1
965 3
966 3
967 3
968 5
969 4
970 2
971 4
972 2
973 2
974 2
975 2
976 2
977 1
978 4
979 2
980 5
981 1
982 1
983 2
984 3
985 2
987 4
988 7
989 5
990 3
991 4
992 3
993 2
994 2
995 4
996 4
997 1
998 4
999 1
1000 1
1001 3
1003 2
1004 1
1005 3
1006 5
1007 3
1008 1
1009 2
1010 6
1011 3
1012 3
1013 4
1014 1
1017 5
1019 3
1020 1
1021 3
1022 4
1024 1
1025 2
1026 3
1027 1
1028 6
1029 1
1030 2
1031 1
1033 6
1034 1
1035 5
1036 3
1037 1
1038 4
1039 2
1040 3
1041 4
1042 2
1043 1
1044 2
1045 4
1046 2
1047 2
1048 4
1049 6
1050 5
1051 2
1052 3
1053 2
1054 2
1055 4
1057 2
1058 2
1059 3
1060 2
1063 3
1064 1
1065 1
1066 4
1067 4
1068 2
1069 2
1070 2
1071 2
1072 7
1073 3
1074 2
1075 3
1076 5
1077 5
1078 3
1079 3
1080 2
1082 2
1083 3
1085 3
1086 5
1087 2
1088 2
1089 1
1090 3
1091 5
1092 2
1093 1
1094 1
1095 2
1096 5
1097 2
1098 1
1099 1
1100 3
1101 1
1102 1
1103 3
1104 1
1105 1
1106 3
1108 4
1109 4
1110 4
1111 4
1113 3
1114 1
1115 1
1116 4
1117 2
1119 3
1120 4
1121 3
1122 1
1123 3
1124 3
1125 4
1126 3
1127 2
1128 6
1129 2
1130 2
1131 3
1132 3
1133 2
1134 2
1135 7
1136 5
1137 1
1138 4
1140 2
1141 3
1142 1
1143 3
1144 3
1145 2
1146 2
1147 2
1148 2
1149 3
1150 3
1151 5
1152 6
1153 2
1154 1
1155 1
1156 5
1157 1
1158 2
1159 2
1160 1
1161 1
1162 3
1163 3
1165 2
1166 3
1167 2
1168 2
1169 4
1170 5
1171 2
1173 1
1174 2
1175 2
1176 5
1178 4
1179 1
1180 1
1181 3
1182 5
1183 3
1184 2
1185 1
1186 2
1187 1
1188 3
1189 6
1190 4
1191 4
1193 1
1194 3
1195 3
1196 2
1198 1
1199 1
1201 1
1202 2
1203 2
1204 2
1205 1
1206 1
1207 7
1208 2
1209 1
1211 1
1212 3
1213 3
1214 1
1215 3
1216 1
1217 1
1218 4
1219 2
1220 3
1221 3
1222 1
1223 1
1224 4
1225 1
1226 4
1227 1
1228 1
1229 3
1230 1
1231 3
1232 2
1233 3
1234 2
1235 1
1236 5
1237 3
1238 1
1239 3
1240 4
1241 1
1242 1
1243 1
1244 3
1246 2
1247 3
1248 1
1250 3
1251 2
1252 3
1253 2
1254 1
1255 1
1256 3
1257 1
1258 3
1259 3
1260 3
1261 2
1262 5
1263 4
1264 1
1265 1
1266 2
1267 3
1268 2
1269 2
1270 2
1271 3
1272 3
1273 1
1274 2
1275 2
1277 1
1278 1
1279 1
1280 3
1281 3
1282 2
1283 3
1285 6
1286 1
1287 3
1288 2
1289 4
1290 1
1291 2
1292 2
1293 3
1294 2
1295 2
1296 2
1297 2
1298 6
1299 2
1300 1
1301 3
1302 3
1303 3
1304 2
1305 4
1306 2
1307 2
1308 2
1309 6
1310 2
1311 1
1313 4
1315 3
1316 4
1317 6
1318 3
1319 2
1320 3
1321 2
1322 2
1323 2
1325 3
1327 2
1328 3
1329 1
1331 1
1332 1
1333 4
1334 2
1335 1
1336 1
1337 2
1338 3
1339 6
1340 3
1342 2
1343 1
1344 1
1345 6
1346 1
1347 3
1349 1
1350 3
1352 4
1353 2
1356 2
1357 3
1358 4
1361 3
1364 1
1365 1
1366 3
1368 6
1370 5
1371 1
1372 1
1373 2
1374 3
1375 5
1376 2
1377 3
1380 2
1381 1
1382 2
1383 1
1384 3
1386 4
1387 2
1388 4
1389 3
1390 1
1391 1
1393 2
1394 1
1395 2
1396 3
1397 5
1398 2
1399 5
1401 1
1402 1
1403 1
1404 2
1405 4
1406 4
1408 1
1409 1
1410 2
1411 1
1412 1
1413 1
1414 1
1415 4
1417 3
1419 2
1420 1
1421 3
1422 2
1423 2
1424 2
1425 2
1426 4
1427 2
1428 2
1429 1
1430 3
1432 3
1433 2
1434 2
1435 2
1436 3
1437 5
1438 3
1439 6
1440 1
1441 1
1442 2
1443 3
1444 2
1446 4
1447 4
1448 2
1449 1
1450 1
1451 2
1452 2
1453 1
1454 3
1455 2
1456 4
1457 2
1458 1
1459 2
1460 3
1461 2
1462 1
1463 4
1467 1
1468 1
1469 2
1470 2
1471 3
1472 3
1473 1
1474 4
1476 1
1478 1
1479 2
1481 3
1482 1
1483 2
1484 1
1485 1
1486 1
1487 3
1488 6
1489 4
1491 4
1492 3
1493 1
1495 1
1496 1
1499 2
1500 3
1501 2
1502 3
1503 4
1504 1
1506 3
1507 2
1508 2
1510 4
1511 3
1512 1
1513 1
1514 1
1515 1
1516 3
1517 2
1518 2
1519 1
1520 1
1521 2
1522 4
1523 3
1524 1
1525 2
1526 3
1528 1
1529 5
1530 1
1531 2
1532 2
1533 3
1534 2
1535 4
1536 3
1538 3
1539 1
1540 2
1541 2
1542 3
1543 1
1545 1
1547 2
1548 2
1549 2
1552 3
1554 2
1555 1
1557 3
1558 1
1559 2
1560 1
1561 1
1562 1
1564 3
1565 1
1566 2
1567 3
1568 1
1569 3
1570 3
1571 2
1572 2
1573 3
1574 1
1575 1
1576 2
1577 2
1578 6
1579 3
1580 3
1581 2
1582 3
1583 1
1584 1
1586 2
1587 1
1588 2
1589 2
1591 1
1592 3
1593 3
1595 1
1596 3
1599 1
1600 1
1602 2
1603 2
1604 1
1605 2
1606 2
1607 3
1608 2
1609 1
1611 4
1612 1
1613 1
1614 1
1615 1
1616 3
1617 1
1618 1
1619 1
1621 3
1622 2
1623 1
1625 4
1626 3
1627 1
1628 2
1629 3
1630 3
1631 1
1632 1
1633 4
1634 1
1635 2
1636 1
1637 4
1638 1
1639 1
1640 2
1641 1
1642 3
1643 1
1644 1
1645 4
1646 5
1648 2
1649 1
1650 3
1652 1
1653 2
1654 5
1655 1
1656 1
1657 2
1658 3
1659 1
1661 2
1663 2
1664 1
1665 1
1666 1
1667 2
1669 2
1670 1
1671 1
1672 2
1673 3
1674 1
1675 5
1676 3
1677 4
1678 1
1679 4
1680 1
1681 2
1682 2
1683 1
1684 3
1685 2
1687 4
1688 2
1689 1
1690 2
1691 2
1692 1
1693 1
1694 3
1695 2
1696 3
1697 2
1699 1
1700 2
1701 2
1702 1
1703 1
1704 5
1705 1
1706 1
1707 2
1708 1
1709 1
1711 5
1712 2
1716 3
1717 2
1719 1
1720 1
1721 2
1722 1
1723 1
1724 2
1725 1
1729 2
1730 3
1731 2
1732 3
1733 2
1735 3
1736 2
1737 3
1738 4
1739 1
1740 2
1742 3
1745 1
1747 3
1748 1
1749 1
1750 2
1751 1
1752 1
1753 3
1755 2
1756 1
1757 3
1758 1
1759 3
1760 4
1761 2
1764 1
1765 3
1766 2
1767 3
1769 1
1770 2
1771 1
1772 5
1773 3
1774 3
1775 2
1776 2
1777 1
1778 3
1780 1
1782 1
1783 2
1784 3
1786 2
1787 1
1789 1
1790 1
1791 2
1793 3
1794 1
1796 3
1797 1
1798 1
1799 2
1800 2
1801 2
1803 2
1804 4
1805 1
1806 2
1807 4
1808 1
1809 2
1810 2
1811 1
1812 2
1814 1
1815 1
1816 7
1818 4
1820 2
1821 2
1822 2
1823 1
1824 3
1825 2
1826 1
1827 2
1828 2
1829 2
1830 4
1831 2
1832 2
1833 1
1834 1
1835 1
1836 3
1837 3
1838 1
1840 2
1842 2
1843 1
1844 2
1845 6
1846 2
1847 2
1848 1
1849 2
1851 1
1852 2
1853 3
1854 2
1855 3
1857 1
1858 1
1859 1
1860 4
1861 4
1862 4
1863 1
1864 1
1865 3
1866 2
1867 1
1868 1
1869 1
1871 1
1872 3
1873 4
1874 4
1877 1
1878 2
1879 1
1880 2
1881 2
1883 2
1884 1
1887 2
1888 2
1889 4
1890 3
1892 1
1893 3
1895 2
1896 1
1897 1
1900 1
1902 1
1904 3
1905 1
1906 2
1907 2
1908 2
1909 3
1910 5
1911 1
1912 3
1914 1
1915 1
1916 1
1917 1
1918 1
1920 1
1921 1
1922 3
1923 3
1924 1
1925 1
1926 2
1929 3
1931 1
1932 1
1933 4
1935 1
1936 3
1937 4
1938 1
1939 2
1943 1
1944 1
1945 2
1946 1
1947 1
1949 1
1950 3
1951 3
1953 2
1954 4
1955 4
1957 1
1958 2
1959 1
1960 1
1961 1
1962 2
1963 1
1965 2
1966 4
1967 3
1968 1
1969 3
1970 2
1971 2
1972 3
1973 2
1974 1
1976 2
1977 1
1978 3
1979 1
1980 5
1981 1
1984 1
1985 1
1986 2
1987 2
1989 1
1993 1
1995 2
1998 1
2000 3
2001 1
2002 1
2003 2
2004 5
2005 1
2006 2
2008 1
2009 1
2010 2
2011 2
2013 4
2014 2
2015 2
2016 2
2017 1
2018 2
2020 2
2021 4
2022 4
2023 2
2024 1
2027 2
2028 1
2029 1
2032 1
2033 3
2034 1
2035 1
2037 3
2039 1
2040 1
2041 5
2042 1
2043 3
2044 1
2045 2
2046 1
2048 1
2049 2
2050 2
2051 1
2052 1
2053 1
2055 3
2057 1
2060 2
2062 2
2064 3
2065 2
2067 1
2070 3
2072 3
2073 1
2074 1
2076 3
2077 1
2078 2
2081 1
2083 3
2084 1
2085 4
2086 1
2087 2
2088 1
2089 1
2090 3
2091 2
2092 2
2093 1
2094 2
2096 1
2097 1
2098 3
2099 2
2101 1
2102 1
2103 1
2104 3
2105 1
2106 1
2109 1
2110 1
2111 1
2112 1
2113 1
2114 1
2115 2
2116 1
2118 2
2120 2
2121 1
2123 3
2124 1
2125 1
2126 1
2127 3
2128 2
2129 2
2130 2
2131 1
2133 3
2135 2
2136 1
2137 1
2138 3
2139 3
2141 2
2142 1
2143 2
2144 3
2145 2
2146 5
2147 2
2148 2
2149 1
2150 2
2151 1
2153 1
2154 2
2156 1
2159 1
2160 3
2162 5
2164 2
2165 1
2166 1
2167 2
2168 3
2169 1
2170 2
2171 1
2172 1
2173 2
2176 3
2178 1
2179 1
2180 3
2181 2
2182 1
2183 2
2185 1
2186 2
2187 1
2188 1
2190 2
2191 1
2192 1
2193 1
2194 1
2195 3
2197 2
2198 3
2199 3
2200 1
2201 4
2203 1
2204 2
2208 1
2209 1
2210 1
2211 2
2212 1
2214 1
2215 3
2216 1
2217 6
2218 1
2219 2
2220 1
2221 1
2223 1
2225 1
2226 2
2227 2
2229 4
2230 1
2231 1
2232 3
2233 1
2235 1
2236 1
2237 2
2239 2
2240 2
2241 1
2242 3
2243 1
2246 2
2247 1
2248 4
2249 3
2250 1
2251 1
2254 2
2255 3
2256 1
2257 2
2258 1
2259 2
2260 1
2261 1
2263 1
2264 2
2265 1
2266 1
2267 1
2269 1
2270 1
2274 3
2275 5
2276 2
2277 2
2278 1
2279 1
2280 1
2282 1
2283 1
2284 2
2285 3
2287 2
2288 1
2289 2
2290 2
2291 1
2294 2
2295 2
2296 3
2297 3
2299 2
2300 2
2302 2
2303 2
2305 4
2306 2
2307 2
2310 2
2311 2
2314 2
2315 1
2317 3
2318 1
2319 2
2320 2
2322 1
2323 2
2324 2
2325 1
2326 2
2327 2
2328 1
2331 1
2332 2
2333 2
2334 2
2335 2
2336 1
2339 1
2340 3
2341 2
2342 1
2345 1
2347 2
2348 1
2350 2
2351 4
2352 3
2353 2
2354 3
2356 1
2357 1
2358 1
2360 1
2362 2
2363 3
2364 1
2365 2
2367 2
2368 1
2372 2
2373 2
2374 2
2377 3
2378 1
2379 4
2381 1
2383 5
2384 1
2386 2
2388 3
2389 3
2390 1
2393 3
2394 1
2396 1
2397 3
2398 1
2399 2
2401 1
2403 1
2404 1
2405 1
2406 4
2408 3
2410 1
2411 2
2413 1
2414 2
2417 2
2421 1
2425 1
2429 3
2431 1
2432 2
2433 1
2434 1
2436 1
2439 1
2441 1
2442 3
2444 2
2445 1
2446 1
2447 2
2450 5
2452 3
2453 2
2454 4
2456 1
2458 1
2461 2
2462 2
2464 2
2466 2
2467 1
2468 2
2469 1
2470 2
2476 2
2477 1
2478 1
2479 2
2480 2
2481 3
2482 1
2483 1
2484 1
2485 1
2488 2
2492 2
2495 1
2496 1
2497 1
2498 2
2499 1
2500 3
2501 1
2504 2
2506 2
2507 1
2508 2
2509 2
2512 2
2513 3
2514 1
2515 1
2516 2
2517 1
2518 1
2520 2
2521 1
2522 1
2524 4
2525 1
2527 1
2528 1
2529 3
2530 4
2531 2
2532 1
2533 1
2535 2
2536 1
2537 1
2539 1
2541 2
2542 1
2545 2
2546 1
2547 2
2549 1
2552 1
2554 2
2555 1
2557 3
2558 3
2559 1
2560 1
2563 1
2564 3
2566 2
2570 1
2572 2
2573 1
2575 2
2576 1
2577 3
2578 1
2579 3
2580 4
2583 2
2584 1
2585 3
2587 1
2588 1
2589 4
2591 2
2592 2
2593 2
2595 2
2596 1
2597 2
2598 2
2601 1
2602 2
2606 3
2608 1
2610 5
2611 3
2612 3
2613 1
2615 1
2616 2
2617 1
2618 1
2620 1
2623 1
2624 2
2628 1
2630 1
2631 4
2633 3
2635 1
2638 2
2640 1
2641 1
2642 2
2643 1
2644 3
2646 2
2647 2
2649 1
2651 1
2654 1
2655 3
2660 2
2662 5
2663 1
2664 1
2665 2
2666 1
2667 1
2668 2
2669 1
2670 2
2676 1
2677 1
2678 2
2679 2
2680 1
2681 1
2682 1
2689 1
2690 2
2692 2
2693 3
2695 2
2697 5
2698 1
2699 1
2701 2
2702 2
2703 1
2704 2
2705 1
2708 1
2711 1
2712 3
2713 1
2714 1
2716 2
2717 2
2718 1
2719 2
2720 3
2721 1
2722 1
2724 1
2725 2
2727 4
2728 2
2729 1
2730 2
2732 1
2733 1
2735 1
2737 4
2740 1
2742 2
2743 2
2744 1
2746 2
2747 2
2749 1
2751 1
2752 2
2756 2
2758 3
2759 1
2760 1
2763 2
2764 1
2767 1
2768 3
2771 1
2772 2
2773 1
2774 1
2776 1
2778 1
2779 1
2780 1
2781 2
2784 2
2785 1
2788 2
2789 1
2792 1
2793 1
2794 1
2795 2
2796 1
2797 1
2799 4
2801 2
2802 1
2803 3
2804 1
2805 2
2806 3
2809 2
2810 1
2811 2
2812 1
2814 1
2815 4
2817 3
2818 1
2820 1
2824 1
2826 2
2827 1
2829 1
2830 1
2831 1
2832 1
2833 1
2834 3
2836 2
2837 3
2838 1
2840 1
2841 1
2842 1
2843 2
2845 1
2846 1
2847 1
2848 2
2849 2
2853 1
2854 1
2855 1
2856 1
2857 1
2858 1
2859 2
2860 2
2861 1
2863 1
2866 1
2868 1
2870 1
2871 1
2873 1
2876 1
2877 1
2880 1
2881 2
2883 1
2886 1
2889 2
2890 2
2893 1
2894 1
2895 4
2897 1
2898 1
2900 1
2901 2
2902 1
2904 1
2907 1
2909 1
2910 3
2911 1
2912 2
2913 2
2915 3
2916 3
2919 1
2920 2
2922 2
2924 1
2925 1
2927 1
2929 1
2930 2
2934 1
2935 1
2936 2
2937 3
2939 2
2940 1
2943 2
2946 1
2950 1
2951 1
2952 1
2953 1
2954 3
2955 1
2956 1
2958 1
2959 1
2960 2
2962 1
2963 1
2964 1
2965 2
2966 2
2967 1
2968 1
2973 2
2976 2
2977 4
2979 1
2980 2
2984 1
2989 3
2991 2
2992 4
2993 1
2994 2
2995 1
2997 1
2999 2
3001 1
3004 1
3006 1
3007 1
3009 1
3011 1
3013 1
3014 1
3015 2
3016 2
3017 1
3019 2
3022 1
3023 1
3024 1
3027 1
3028 1
3030 1
3031 2
3032 1
3036 2
3037 1
3040 2
3041 1
3042 3
3043 1
3045 1
3046 1
3047 3
3048 4
3049 1
3054 1
3055 1
3056 1
3057 1
3058 1
3060 1
3062 1
3063 1
3066 2
3067 2
3068 2
3070 2
3073 2
3074 2
3076 2
3077 2
3079 1
3081 1
3082 2
3084 1
3086 3
3087 2
3088 2
3089 1
3090 2
3091 1
3093 2
3094 1
3096 1
3097 1
3098 1
3100 1
3101 3
3103 1
3106 1
3107 1
3108 2
3109 1
3111 1
3113 2
3115 3
3116 1
3118 3
3120 1
3122 1
3129 1
3130 3
3132 4
3135 1
3137 3
3138 2
3140 1
3141 1
3143 2
3145 1
3146 3
3148 1
3149 2
3150 2
3157 1
3158 2
3159 1
3161 2
3162 2
3163 2
3164 1
3165 3
3168 1
3169 1
3170 2
3173 1
3175 3
3176 1
3180 1
3181 1
3184 1
3186 1
3190 1
3191 2
3192 1
3194 2
3198 2
3201 2
3204 1
3205 1
3208 1
3210 1
3211 1
3212 1
3214 2
3216 1
3221 3
3224 1
3225 1
3226 2
3227 1
3229 1
3233 2
3234 1
3236 1
3239 2
3241 2
3243 1
3244 1
3246 1
3247 2
3249 1
3250 1
3254 1
3255 2
3256 2
3257 1
3259 1
3262 1
3264 2
3267 1
3268 2
3269 2
3270 1
3271 1
3272 2
3273 1
3274 1
3275 1
3277 1
3278 1
3282 1
3284 1
3285 1
3286 1
3287 2
3288 1
3289 3
3290 1
3294 2
3296 2
3299 2
3301 1
3303 2
3304 2
3305 2
3307 3
3308 2
3309 1
3312 2
3313 2
3317 1
3319 4
3320 1
3321 2
3322 3
3323 1
3324 2
3325 3
3326 2
3328 2
3329 1
3331 1
3332 3
3333 1
3335 2
3337 1
3338 1
3343 3
3345 3
3351 3
3353 1
3355 1
3356 3
3357 2
3358 1
3359 1
3360 1
3364 2
3365 1
3366 1
3367 1
3368 4
3370 1
3372 2
3373 1
3374 1
3375 1
3376 1
3377 1
3379 2
3381 1
3383 1
3384 2
3385 1
3386 1
3387 1
3388 2
3390 2
3391 1
3394 2
3395 1
3397 1
3398 3
3399 1
3400 1
3401 1
3402 1
3403 2
3404 2
3405 1
3406 3
3411 2
3412 1
3413 1
3416 1
3418 1
3421 1
3423 2
3426 2
3427 1
3428 1
3429 1
3430 1
3431 1
3433 1
3434 1
3436 1
3438 1
3439 1
3440 2
3441 2
3443 1
3444 1
3445 2
3446 2
3448 1
3450 3
3451 1
3453 1
3454 1
3458 1
3459 1
3462 1
3465 1
3467 1
3468 1
3469 1
3470 2
3471 1
3473 2
3474 1
3478 1
3479 1
3480 1
3482 1
3485 2
3486 1
3487 2
3489 2
3490 1
3491 1
3493 1
3494 1
3499 1
3501 2
3503 2
3504 1
3506 1
3507 2
3508 1
3510 3
3511 1
3512 1
3513 1
3514 1
3519 1
3522 3
3523 1
3524 2
3525 1
3526 1
3527 2
3528 2
3530 2
3532 2
3535 1
3536 1
3538 1
3539 2
3541 1
3542 1
3543 1
3544 2
3545 2
3548 1
3549 2
3553 1
3555 1
3558 2
3559 1
3561 1
3562 1
3564 1
3566 1
3569 1
3572 1
3573 1
3574 1
3575 1
3576 1
3577 1
3579 1
3580 1
3581 1
3582 1
3584 2
3586 2
3589 1
3595 1
3596 1
3597 1
3598 2
3600 1
3602 1
3603 2
3604 1
3607 2
3608 1
3609 1
3614 1
3615 1
3616 1
3617 1
3618 1
3623 1
3625 1
3628 1
3629 2
3631 1
3632 1
3633 1
3634 1
3636 1
3638 2
3639 2
3641 3
3642 2
3644 2
3646 1
3648 2
3652 1
3653 1
3654 1
3656 2
3657 1
3658 1
3659 2
3660 1
3662 1
3664 1
3672 2
3673 2
3675 1
3678 1
3679 2
3681 1
3683 1
3687 1
3692 3
3694 1
3696 1
3697 1
3698 1
3700 2
3703 1
3704 1
3707 1
3708 1
3709 1
3713 1
3714 2
3715 1
3716 3
3717 1
3719 1
3721 2
3722 1
3725 1
3726 2
3727 2
3729 1
3732 1
3733 1
3734 1
3735 1
3736 1
3738 1
3739 1
3740 1
3741 1
3742 1
3743 1
3744 1
3745 1
3746 1
3747 1
3752 1
3753 1
3754 1
3755 1
3756 2
3758 1
3760 1
3761 1
3763 1
3764 2
3765 1
3766 1
3767 1
3768 1
3769 1
3774 1
3775 1
3777 2
3780 1
3782 2
3783 1
3784 2
3786 1
3787 1
3791 1
3792 1
3793 1
3799 1
3803 1
3804 1
3805 2
3806 1
3807 1
3810 1
3811 1
3814 1
3816 1
3817 1
3818 1
3831 1
3834 1
3837 1
3838 1
3839 1
3840 2
3843 2
3848 1
3849 1
3851 1
3852 1
3853 1
3856 1
3860 2
3861 1
3866 1
3867 1
3870 2
3871 1
3873 1
3877 1
3883 1
3884 2
3885 1
3887 1
3888 2
3894 3
3895 2
3900 2
3902 1
3904 1
3906 3
3907 1
3908 1
3910 1
3911 2
3914 1
3917 1
3918 1
3919 1
3922 2
3926 2
3929 1
3930 1
3931 2
3933 1
3937 1
3938 1
3944 1
3945 1
3946 1
3947 2
3948 2
3949 2
3950 2
3951 1
3952 2
3954 1
3960 1
3962 1
3964 1
3970 1
3971 1
3972 1
3975 1
3976 1
3977 1
3981 1
3982 2
3983 2
3984 1
3985 1
3987 3
3989 1
3990 1
3998 1
4001 3
4002 2
4003 1
4005 1
4006 1
4007 1
4009 4
4010 1
4012 1
4013 1
4014 1
4015 1
4017 1
4018 1
4023 1
4024 4
4025 1
4027 1
4030 1
4033 3
4036 2
4037 1
4040 4
4043 1
4044 1
4050 1
4051 1
4052 1
4053 1
4055 3
4060 1
4063 1
4068 2
4070 1
4071 1
4075 1
4076 1
4082 1
4086 1
4089 1
4091 1
4092 1
4095 1
4096 3
4097 1
4099 2
4100 1
4101 1
4108 1
4109 1
4111 1
4116 2
4119 1
4121 2
4123 1
4124 2
4127 2
4129 1
4131 2
4132 1
4134 1
4135 3
4136 2
4138 1
4144 1
4145 1
4149 1
4150 1
4154 1
4156 2
4159 1
4160 1
4170 2
4172 1
4175 1
4177 1
4179 1
4180 3
4181 4
4182 1
4185 1
4199 1
4200 2
4201 1
4204 1
4209 1
4211 2
4212 1
4215 1
4218 1
4221 1
4222 1
4227 1
4229 1
4230 1
4236 1
4238 3
4241 1
4244 1
4245 1
4247 1
4248 2
4250 1
4254 2
4257 1
4260 1
4261 1
4262 2
4265 1
4266 3
4267 1
4268 1
4270 3
4273 1
4274 2
4275 1
4276 1
4278 1
4279 2
4280 1
4285 1
4288 1
4291 2
4293 1
4294 1
4297 3
4298 1
4299 1
4302 1
4307 1
4308 1
4309 2
4311 1
4313 2
4315 1
4317 1
4319 1
4321 1
4322 2
4323 1
4324 1
4325 2
4328 1
4329 1
4331 2
4333 1
4336 4
4339 2
4342 1
4343 1
4344 1
4349 1
4352 1
4353 2
4355 2
4356 1
4358 1
4359 1
4360 1
4361 1
4362 1
4363 1
4365 3
4367 1
4373 1
4374 1
4377 1
4382 2
4389 1
4390 1
4395 1
4397 2
4398 1
4399 1
4400 1
4401 2
4403 1
4406 1
4407 3
4411 1
4414 1
4421 1
4423 1
4424 2
4429 1
4431 2
4436 4
4439 1
4440 1
4442 1
4444 1
4445 1
4450 1
4454 1
4455 1
4456 2
4460 1
4465 3
4467 1
4468 1
4471 1
4472 2
4473 2
4475 1
4478 1
4479 2
4480 1
4487 2
4488 1
4490 1
4496 1
4497 1
4498 1
4501 1
4509 2
4510 1
4512 1
4513 1
4515 1
4516 1
4517 1
4520 2
4525 1
4526 1
4527 1
4529 1
4532 3
4536 1
4537 1
4538 2
4541 2
4546 1
4549 1
4553 1
4557 1
4561 1
4564 1
4566 1
4567 1
4568 1
4570 1
4572 1
4574 1
4580 1
4582 1
4585 1
4592 2
4594 1
4599 1
4606 2
4610 1
4611 1
4617 1
4619 1
4621 1
4623 1
4624 1
4627 1
4630 1
4631 1
4634 1
4635 2
4639 2
4641 1
4642 1
4645 1
4646 1
4648 1
4651 1
4656 1
4657 3
4662 1
4663 1
4667 1
4670 1
4672 1
4673 2
4676 1
4680 1
4681 1
4682 2
4685 1
4686 1
4687 2
4689 1
4690 1
4693 1
4694 1
4695 1
4697 1
4699 1
4700 1
4702 2
4704 1
4705 1
4707 1
4711 1
4712 2
4714 1
4715 1
4716 1
4717 1
4725 1
4726 3
4729 1
4731 1
4733 2
4742 1
4744 1
4746 1
4747 1
4748 1
4750 2
4751 1
4752 3
4754 1
4755 1
4756 1
4757 1
4760 1
4761 1
4762 1
4763 1
4764 2
4765 1
4766 1
4770 1
4774 2
4776 1
4786 1
4787 1
4788 2
4791 1
4792 1
4794 1
4795 1
4800 1
4801 1
4803 1
4805 2
4808 1
4810 1
4813 2
4814 1
4817 1
4818 1
4819 1
4820 1
4822 3
4823 2
4824 1
4826 2
4828 1
4829 1
4831 3
4833 1
4841 1
4843 1
4844 2
4848 1
4850 1
4852 1
4861 2
4868 1
4870 2
4875 2
4878 1
4880 2
4881 1
4885 1
4887 2
4888 1
4894 1
4895 1
4897 1
4903 1
4907 2
4910 1
4911 1
4914 1
4919 1
4921 1
4922 1
4927 1
4931 1
4932 1
4933 1
4936 1
4937 1
4941 1
4947 1
4950 1
4951 2
4955 1
4957 1
4958 1
4960 1
4961 2
4963 1
4965 1
4972 2
4973 1
4974 1
4976 1
4977 1
4978 2
4983 2
4987 1
4988 1
4990 1
4993 1
4996 2
4997 1
4999 1
5000 3
5005 1
5006 1
5013 1
5014 1
5016 1
5018 1
5019 2
5024 1
5031 1
5032 1
5037 1
5040 1
5042 1
5044 1
5045 1
5050 1
5054 1
5057 1
5058 1
5059 1
5065 2
5066 2
5070 3
5071 1
5076 1
5077 1
5080 1
5087 1
5088 1
5098 1
5099 1
5100 1
5102 1
5103 5
5104 2
5106 1
5107 2
5108 1
5110 1
5118 1
5119 2
5120 1
5122 2
5123 1
5133 2
5137 1
5141 1
5142 1
5151 2
5152 1
5155 1
5156 1
5164 1
5172 1
5181 1
5183 2
5184 1
5186 1
5189 1
5195 1
5204 1
5206 1
5212 1
5222 1
5224 1
5225 1
5235 1
5239 1
5240 1
5242 1
5251 1
5252 1
5257 3
5261 1
5263 1
5264 1
5265 1
5267 2
5268 2
5274 1
5275 1
5277 1
5282 1
5287 1
5290 1
5294 1
5299 2
5304 3
5309 1
5310 1
5312 1
5314 1
5324 2
5326 3
5336 2
5337 1
5339 1
5340 1
5344 2
5346 1
5354 1
5359 1
5363 1
5364 1
5375 1
5378 1
5380 2
5383 2
5384 1
5385 1
5390 1
5395 1
5396 1
5397 1
5399 1
5403 2
5404 2
5407 1
5411 1
5414 1
5415 1
5418 1
5419 1
5421 1
5422 1
5423 1
5427 1
5432 1
5434 1
5436 1
5437 1
5439 2
5440 1
5443 1
5445 1
5450 1
5454 1
5462 1
5463 1
5464 1
5465 1
5467 2
5468 2
5470 1
5472 1
5475 2
5476 1
5478 1
5487 1
5488 1
5490 1
5494 1
5495 1
5496 1
5498 2
5508 1
5515 1
5517 1
5521 1
5522 1
5523 1
5524 1
5526 1
5533 1
5535 1
5536 1
5537 1
5538 2
5539 1
5540 2
5544 1
5547 1
5549 1
5551 1
5552 1
5559 1
5560 1
5562 2
5565 1
5571 1
5575 1
5579 1
5580 1
5582 3
5583 1
5585 1
5589 1
5591 1
5600 1
5607 1
5608 1
5612 1
5621 1
5623 1
5628 1
5630 1
5631 1
5632 1
5634 1
5637 1
5638 1
5639 1
5641 1
5644 1
5655 1
5656 1
5659 1
5665 1
5670 1
5674 1
5677 1
5688 1
5692 1
5701 1
5702 1
5717 1
5718 1
5721 2
5722 1
5725 1
5726 1
5729 1
5736 1
5739 1
5741 1
5743 1
5744 1
5753 2
5754 1
5756 1
5757 1
5763 1
5764 1
5770 1
5771 1
5780 1
5781 1
5785 1
5789 1
5793 2
5797 1
5798 1
5803 2
5810 1
5813 1
5814 1
5815 1
5832 1
5833 1
5835 1
5838 1
5857 1
5858 1
5863 1
5864 1
5865 2
5867 1
5869 1
5872 1
5875 1
5880 1
5882 1
5884 2
5893 1
5899 1
5904 1
5914 1
5915 1
5916 1
5922 1
5930 1
5932 2
5935 1
5944 2
5945 1
5946 1
5952 1
5956 1
5964 1
5969 1
5970 2
5971 1
5977 1
5981 2
5982 1
5983 1
5987 1
5999 1
6003 1
6011 1
6012 1
6017 1
6020 1
6028 1
6031 1
6049 1
6062 1
6065 1
6070 1
6071 1
6079 1
6082 1
6084 1
6086 1
6091 1
6096 1
6098 1
6102 1
6103 1
6104 1
6110 2
6112 1
6114 1
6119 1
6121 1
6131 1
6135 1
6138 1
6139 2
6144 1
6148 1
6149 1
6151 1
6152 1
6158 1
6159 1
6161 1
6165 2
6166 1
6170 1
6176 1
6177 1
6179 2
6181 1
6187 1
6191 1
6196 1
6198 1
6199 1
6200 1
6206 1
6207 1
6209 1
6213 1
6214 2
6215 1
6216 2
6218 1
6223 1
6228 2
6231 1
6234 1
6235 1
6239 1
6243 1
6246 1
6247 1
6248 1
6249 1
6251 1
6252 1
6258 1
6261 1
6264 1
6267 2
6277 1
6280 1
6284 2
6294 1
6296 2
6298 1
6304 2
6306 1
6307 2
6310 1
6312 2
6315 1
6317 1
6319 1
6321 1
6328 1
6329 1
6331 1
6334 1
6339 1
6344 1
6345 2
6349 1
6354 2
6364 1
6375 1
6393 1
6405 1
6406 2
6407 1
6409 1
6411 1
6413 1
6416 1
6427 1
6433 1
6457 1
6461 1
6462 1
6463 2
6465 1
6468 1
6478 1
6482 2
6483 1
6489 1
6490 2
6494 1
6495 1
6500 1
6504 1
6505 1
6506 1
6510 1
6511 1
6512 1
6533 1
6545 1
6552 1
6555 1
6557 1
6558 1
6560 1
6562 1
6572 1
6574 2
6581 1
6582 1
6583 1
6587 1
6590 2
6591 1
6596 1
6600 1
6603 1
6612 1
6623 1
6627 1
6633 1
6634 1
6641 1
6645 1
6657 1
6659 1
6665 2
6666 1
6669 3
6671 1
6673 1
6674 1
6683 1
6686 1
6687 1
6689 1
6695 2
6696 1
6703 1
6707 1
6710 1
6712 1
6713 1
6715 1
6722 1
6732 3
6735 1
6737 1
6742 1
6745 1
6752 1
6754 1
6762 1
6767 1
6775 2
6776 1
6779 2
6781 1
6783 1
6784 2
6788 1
6792 2
6795 1
6798 1
6803 2
6804 1
6821 1
6833 1
6834 1
6835 2
6837 1
6841 2
6842 1
6844 2
6847 2
6848 1
6850 1
6858 1
6863 2
6864 1
6872 1
6874 1
6875 1
6877 2
6882 1
6883 1
6885 2
6886 1
6888 1
6890 1
6904 1
6907 1
6908 1
6918 1
6932 1
6933 2
6943 1
6947 1
6949 1
6952 1
6953 1
6955 1
6959 2
6973 1
6978 1
6979 2
6981 2
6983 1
6991 1
6992 1
6994 2
6996 1
6997 1
7001 1
7006 1
7009 1
7011 1
7024 1
7026 1
7046 2
7051 1
7053 1
7062 1
7067 1
7070 1
7071 1
7075 1
7084 1
7086 1
7103 2
7110 1
7113 1
7114 1
7117 1
7118 1
7120 1
7124 1
7127 1
7130 1
7137 1
7138 1
7142 1
7155 2
7158 1
7170 1
7174 1
7185 1
7189 1
7200 1
7206 1
7210 1
7212 1
7215 1
7217 1
7219 1
7220 1
7231 1
7232 1
7235 1
7241 2
7248 1
7253 1
7255 1
7265 1
7281 1
7287 1
7289 1
7301 1
7306 2
7308 1
7309 1
7316 1
7320 1
7340 1
7341 1
7345 1
7352 1
7356 1
7361 1
7363 1
7365 1
7381 1
7388 1
7390 1
7399 1
7410 1
7416 1
7417 1
7419 1
7429 1
7430 2
7433 1
7434 1
7462 1
7463 1
7473 1
7475 1
7477 1
7481 1
7494 1
7499 1
7501 1
7503 1
7514 1
7522 2
7525 1
7526 1
7543 1
7556 1
7558 1
7566 1
7567 1
7569 2
7571 1
7572 1
7574 1
7585 1
7596 2
7601 1
7607 1
7614 1
7633 1
7635 1
7636 1
7642 1
7649 1
7652 1
7653 1
7656 1
7662 2
7663 1
7667 1
7672 1
7681 1
7684 2
7694 2
7698 2
7713 1
7718 1
7726 1
7727 1
7737 1
7739 1
7741 1
7743 1
7758 1
7764 1
7786 1
7796 1
7805 1
7810 2
7816 1
7820 1
7821 1
7822 1
7829 1
7831 1
7834 1
7835 1
7836 1
7837 1
7838 1
7842 1
7849 1
7852 1
7854 1
7858 1
7864 1
7878 1
7881 1
7884 2
7887 1
7888 1
7921 1
7922 1
7925 1
7927 1
7929 1
7937 1
7941 1
7942 1
7944 1
7946 1
7956 1
7957 2
7961 1
7988 1
7989 2
8002 1
8004 1
8005 1
8012 1
8020 1
8024 1
8026 1
8028 1
8035 1
8038 1
8041 1
8050 1
8053 1
8059 1
8061 2
8070 1
8080 1
8081 1
8083 1
8086 1
8091 1
8093 2
8095 1
8100 1
8111 1
8116 1
8121 1
8125 2
8127 2
8135 1
8137 1
8140 1
8147 2
8148 2
8152 1
8163 1
8169 1
8172 1
8182 1
8186 1
8188 1
8207 1
8210 1
8213 1
8214 2
8218 1
8227 1
8228 1
8250 1
8254 1
8265 1
8267 1
8274 1
8283 1
8332 1
8333 1
8337 1
8340 1
8343 1
8344 1
8352 1
8359 1
8360 1
8361 1
8371 2
8374 1
8378 1
8381 1
8382 1
8388 2
8404 1
8412 1
8413 1
8419 1
8425 1
8438 1
8442 1
8445 1
8446 1
8451 1
8474 2
8483 1
8492 1
8522 1
8534 1
8535 1
8547 1
8557 1
8574 1
8575 1
8580 1
8589 1
8594 2
8612 1
8615 1
8620 1
8626 1
8641 1
8647 1
8651 1
8657 1
8660 1
8662 1
8686 2
8689 1
8691 1
8696 1
8704 1
8708 1
8714 1
8726 1
8733 1
8742 1
8748 1
8753 1
8754 1
8758 1
8760 1
8766 1
8776 1
8778 1
8788 1
8796 1
8799 1
8807 1
8821 1
8825 2
8834 1
8840 1
8841 3
8842 1
8859 1
8864 1
8892 1
8893 1
8921 1
8925 1
8927 1
8931 1
8954 1
8960 1
8972 1
8989 1
8992 3
8997 2
9000 1
9003 1
9007 1
9011 1
9028 2
9040 1
9043 1
9052 1
9056 1
9059 1
9066 1
9094 1
9096 2
9098 1
9122 1
9130 1
9135 1
9148 1
9150 1
9160 1
9165 1
9167 1
9174 1
9181 1
9186 1
9199 1
9202 1
9214 1
9229 1
9237 1
9248 1
9249 1
9254 1
9260 1
9261 1
9267 1
9280 1
9284 1
9304 1
9322 1
9326 1
9327 1
9339 1
9344 1
9350 1
9351 2
9357 1
9371 1
9381 1
9410 2
9412 1
9415 1
9420 1
9437 1
9450 1
9453 1
9465 1
9479 1
9493 1
9507 2
9517 1
9521 1
9535 1
9572 1
9576 1
9584 2
9585 1
9597 1
9607 1
9623 1
9627 1
9635 2
9643 1
9656 1
9657 1
9669 1
9675 1
9690 1
9694 1
9698 1
9699 1
9705 1
9717 1
9778 1
9791 2
9792 1
9794 1
9801 2
9815 1
9821 1
9827 1
9834 1
9855 1
9867 2
9870 1
9872 1
9905 1
9915 1
9920 1
9922 1
9926 1
9930 1
9932 2
9938 1
9939 1
9940 1
9956 1
9957 1
9962 1
9980 1
9981 1
9999 1
10005 1
10007 1
10026 1
10033 1
10047 2
10056 1
10074 1
10120 1
10126 1
10127 1
10145 1
10146 1
10164 1
10169 1
10191 1
10194 1
10197 1
10206 1
10214 1
10257 1
10258 1
10259 1
10262 1
10265 1
10267 1
10270 1
10284 2
10312 1
10328 1
10329 1
10333 1
10343 1
10349 1
10359 1
10365 1
10374 1
10405 1
10416 1
10420 1
10428 1
10432 1
10435 1
10440 1
10442 1
10447 1
10452 1
10454 1
10456 1
10458 1
10475 1
10484 2
10487 1
10515 1
10526 1
10548 1
10580 1
10592 1
10595 1
10598 1
10601 1
10610 1
10614 1
10632 1
10653 1
10688 1
10694 1
10695 1
10700 1
10701 1
10706 1
10763 2
10764 1
10769 1
10807 1
10842 1
10859 1
10860 1
10861 1
10864 1
10865 1
10866 1
10869 2
10873 1
10875 1
10915 1
10923 1
10931 1
10951 1
10954 1
10974 1
10985 1
11006 2
11080 1
11084 1
11094 1
11108 1
11110 1
11113 1
11117 1
11130 1
11142 1
11190 1
11197 1
11202 1
11214 1
11216 1
11230 1
11252 1
11253 1
11271 1
11321 1
11340 1
11343 1
11344 1
11347 1
11360 1
11370 1
11436 1
11440 1
11443 1
11468 2
11476 1
11480 1
11482 1
11485 1
11490 1
11510 1
11513 1
11521 1
11551 1
11587 1
11604 1
11634 1
11690 1
11697 1
11707 1
11733 1
11763 1
11772 1
11780 1
11796 1
11797 2
11805 1
11848 1
11857 1
11864 1
11891 1
11905 1
11915 1
11937 1
11941 1
11953 2
11957 1
11959 1
11977 1
12000 1
12026 1
12035 1
12040 1
12048 1
12068 1
12071 1
12074 1
12092 1
12103 1
12123 1
12148 1
12154 1
12188 2
12193 1
12209 1
12223 1
12238 2
12263 1
12282 1
12323 1
12324 1
12343 1
12345 1
12359 1
12378 1
12391 1
12398 1
12400 1
12423 1
12426 1
12432 1
12444 1
12452 1
12459 1
12463 1
12469 1
12494 1
12530 1
12532 1
12565 1
12587 1
12612 1
12627 1
12629 1
12642 1
12649 1
12698 1
12700 2
12715 1
12717 1
12734 1
12764 1
12765 1
12770 2
12784 1
12798 1
12827 1
12829 1
12831 1
12833 1
12845 1
12860 1
12864 1
12894 1
12902 1
12903 1
12910 1
12937 1
12940 1
12956 1
12957 1
12959 1
12997 1
13018 1
13029 1
13047 1
13065 1
13081 1
13100 1
13115 1
13123 1
13126 1
13129 1
13147 1
13150 1
13171 1
13231 1
13239 1
13258 1
13263 1
13285 1
13312 1
13323 1
13325 1
13331 1
13354 1
13357 1
13363 1
13394 1
13413 1
13417 1
13430 1
13444 1
13469 1
13487 1
13520 1
13548 1
13558 1
13562 1
13564 2
13598 1
13632 1
13633 1
13636 1
13654 1
13683 1
13687 1
13710 1
13790 1
13793 1
13800 1
13852 1
13857 1
13887 1
13895 1
13913 1
13939 1
14035 1
14076 1
14120 1
14142 1
14171 1
14176 1
14209 1
14220 1
14280 1
14285 1
14311 1
14312 1
14326 1
14331 1
14371 1
14382 1
14385 1
14390 1
14393 1
14417 1
14451 1
14513 1
14523 1
14598 1
14599 1
14606 1
14616 1
14619 2
14659 1
14667 1
14731 1
14734 1
14761 1
14783 1
14833 1
14839 1
14853 1
14859 1
14891 1
14928 1
14966 1
14969 1
15000 1
15003 1
15015 1
15053 1
15054 1
15103 1
15148 1
15165 1
15169 1
15202 1
15223 1
15270 1
15274 1
15275 1
15282 1
15283 1
15334 1
15351 1
15393 1
15416 1
15449 1
15450 1
15483 1
15521 1
15561 1
15565 1
15592 1
15623 1
15669 1
15782 1
16003 1
16011 1
16136 1
16208 1
16246 1
16304 2
16366 1
16382 1
16418 1
16429 1
16477 1
16492 1
16502 1
16523 1
16541 1
16586 1
16597 2
16622 1
16672 1
16690 1
16714 1
16735 1
16770 1
16789 1
16792 1
16914 1
17038 1
17058 1
17074 1
17089 1
17125 1
17139 1
17164 1
17234 1
17359 1
17395 1
17488 1
17504 1
17563 1
17591 1
17614 1
17745 1
17826 1
17838 1
17916 1
17929 1
17985 1
17997 1
18094 1
18104 1
18220 1
18301 1
18315 1
18443 1
18532 1
18621 1
18672 1
18690 1
18820 1
18879 1
18976 1
18996 1
19018 1
19057 1
19184 1
19189 1
19213 1
19214 1
19300 1
19353 1
19404 1
19474 1
19498 1
19633 1
19746 1
19755 1
19825 1
19889 1
19900 1
19903 1
19976 1
20005 1
20086 1
20132 1
20160 1
20164 1
20321 1
20523 1
20682 1
20843 1
21341 1
21417 1
21473 1
21494 1
21681 1
21804 1
21878 1
22017 1
22088 1
22236 1
22250 1
22280 1
22334 1
22589 1
22860 1
22963 1
23179 1
23254 1
23446 1
23509 1
23512 1
23567 1
23584 1
23840 1
23923 1
23940 1
24155 1
25421 1
25470 1
25686 1
25924 1
25990 1
26548 1
26795 1
27238 1
27292 1
27332 1
27344 1
27507 1
27573 1
27743 1
27852 1
28106 1
28406 1
28627 1
28638 1
28651 1
28911 1
28950 1
29150 1
29406 1
29409 1
30065 1
30417 1
30422 1
30830 1
31305 1
31497 1
31521 1
34277 1
36037 1
36388 1
36590 1
39288 1
39815 1
40122 1
43861 1
53885 1
