4.0 55.25 0.0
5.0 81.5 1.0999999999999943
6.0 75.56666666666666 2.0270531299369785
7.0 72.14979722222222 1.0662368639008903
8.0 72.08614864864865 0.6152006900245629
9.0 71.88295459610023 0.37501490819797745
10.0 72.76109985465109 0.22776330745406628
11.0 72.23618871139514 0.1490175104571061
12.0 72.19106543086178 0.09279502318616008
13.0 72.1882446 0.05979564911868057
14.0 72.22710489999996 0.041737748053993134
15.0 72.17978540000004 0.031028284707000794
16.0 72.1700815 0.02440608805691711
17.0 72.09852749999996 0.019448158854158057
18.0 72.03527799999996 0.017261555223233048
19.0 71.95852000000004 0.014767213308844337
20.0 71.86279110000001 0.012934674644495277
21.0 71.7739727000001 0.011346018824586796
22.0 71.6748841 0.010753977225350321
23.0 71.55454370000004 0.010124749810194287
24.0 71.42263140000006 0.009962100065335195
25.0 71.27246159999997 0.009574368526337295
26.0 71.10297299999993 0.009581151275852547
27.0 70.90651169999992 0.009241412426504217
28.0 70.69294619999997 0.00958222475612198
29.0 70.4429334 0.009413004050232305
30.0 70.18959279999996 0.009452451497229047
31.0 69.9127959 0.009317449121477485
32.0 69.62622559999993 0.00934604969971965
33.0 69.34509419999995 0.009234025656027612
34.0 69.08343079999996 0.009419183969857374
35.0 68.87617699999997 0.009499960563165611
36.0 68.70196050000006 0.009692302555046902
37.0 68.63176039999996 0.00928504834422495
38.0 68.60641390000005 0.009112968339061573
39.0 68.67018719999999 0.009151424063967226
40.0 68.78246649999996 0.009414978109403688
41.0 68.97604610000005 0.00910147870400131
42.0 69.17007399999997 0.00916956964046794
43.0 69.39232930000007 0.009399445379646343
44.0 69.61433669999998 0.009052729863477164
45.0 69.80787980000008 0.008633189891324044
46.0 69.99040769999998 0.008826709349959279
47.0 70.16461930000007 0.008615651136275895
48.0 70.32982329999993 0.008509189250969735
49.0 70.48608979999996 0.008364118060314956
50.0 70.61736870000006 0.008195761074476251
51.0 70.77192630000005 0.008096180018329574
52.0 70.9189226999999 0.00807883376544658
53.0 71.07768800000002 0.007974815710825024
54.0 71.2563331 0.008097538684510077
55.0 71.42749979999992 0.007751464144039918
56.0 71.61817559999993 0.007819495549924902
57.0 71.82386279999994 0.007925785535359414
58.0 72.04452260000001 0.007905044818520822
59.0 72.23867510000002 0.008006426901040933
60.0 72.45749949999998 0.0075242425928691535
61.0 72.65715609999981 0.0071357314471661585
62.0 72.86416180000002 0.007110550365989064
63.0 73.04027240000006 0.007385368913753205
64.0 73.19797600000003 0.007276408825058516
65.0 73.33783699999996 0.007035266070283318
66.0 73.46317040000004 0.006905092205191928
67.0 73.56037809999995 0.007202738414732346
68.0 73.64483210000003 0.007312058411815896
69.0 73.71265410000001 0.007052015334886439
70.0 73.76156679999997 0.007200596214453605
71.0 73.8017755000001 0.0072758800677657325
72.0 73.82680910000003 0.007241616288762033
73.0 73.84113109999998 0.007206808860844496
74.0 73.84768250000006 0.007351231117485872
75.0 73.8425317000001 0.0074820711968347775
76.0 73.84101989999986 0.007358875362485129
77.0 73.83186200000007 0.007510756118625715
78.0 73.81381330000008 0.007475239716686809
79.0 73.78898980000011 0.007571273979035865
80.0 73.76022149999997 0.007676680273906028
81.0 73.73306249999999 0.007629157951884648
82.0 73.6921309 0.00763075373588794
83.0 73.64265610000005 0.007631093395392246
84.0 73.5956548 0.007844605617509035
85.0 73.53978960000005 0.007832613197480222
86.0 73.47916770000002 0.007925959948663491
87.0 73.41603940000002 0.008059883102332396
88.0 73.34742539999984 0.007876096151357313
89.0 73.27444769999997 0.008099398023498598
90.0 73.20553079999998 0.007897252402378117
91.0 73.13776849999998 0.008028568126628437
92.0 73.06054519999982 0.007992318362638572
93.0 73.00129860000011 0.008044161627810225
94.0 72.93215020000002 0.00796768966756353
95.0 72.85981560000002 0.008097990912161708
96.0 72.80130610000002 0.008025590939159107
97.0 72.74104419999996 0.008291509576513636
98.0 72.68888590000007 0.008336312555213379
99.0 72.65478329999995 0.008215931502974666
100.0 72.60171859999998 0.008214472057608157
101.0 72.57354319999999 0.008240529258258605
102.0 72.54495990000007 0.008150383884176838
103.0 72.51626649999996 0.008219581617681018
104.0 72.49063660000009 0.00842945246794532
105.0 72.47241130000003 0.008360421245709791
106.0 72.4684360999999 0.008395886070552635
107.0 72.45267970000002 0.008885802319474065
108.0 72.43883819999988 0.008287099145841855
109.0 72.43340020000005 0.009317981847249196
110.0 72.43004010000004 0.009301909957145405
111.0 72.41238229999995 0.009629466256085387
112.0 72.42547010000015 0.009920681796292696
113.0 72.41953160000006 0.010240591659615113
114.0 72.4347272999999 0.010925700431305288
115.0 72.42905890000004 0.011208185367847467
116.0 72.42731130000004 0.011835404188899709
117.0 72.42867979999998 0.012580922986615685
118.0 72.42716640000006 0.013395321316198578
119.0 72.4255441 0.01391845868324893
120.0 72.43142709999998 0.015574891387657492
121.0 72.45409100000002 0.016777222210010937
122.0 72.47309390000004 0.01879905159346086
123.0 72.45754270000012 0.020703116027302508
124.0 72.42909080000004 0.023246816020919304
125.0 72.43157680000003 0.025604331031865483
126.0 72.44743216080403 0.02888665315372484
127.0 72.5272830612245 0.03414570140947417
128.0 72.44366249999987 0.0402318236808143
129.0 72.45101655701754 0.04500436456592249
130.0 72.50866860189572 0.05119616639802874
131.0 72.52213257065945 0.055685339183500396
132.0 72.49091679506935 0.06364201201034671
133.0 72.37459240282692 0.0705757998262499
134.0 72.34633188073401 0.07702017040762517
135.0 72.37994957264951 0.08779718134238806
136.0 72.61472152777777 0.10472202793701803
137.0 72.58829905213273 0.11309742506885946
138.0 72.41863850574714 0.12514894143150468
139.0 72.63963801652893 0.16132483834578923
140.0 72.721318627451 0.18443671934169367
141.0 72.8996184615385 0.21484774520500458
142.0 72.43068235294115 0.3147517067960499
143.0 72.86380000000001 0.3759954157521961
144.0 72.22343478260869 0.3982346960111127
145.0 73.04520555555557 0.4673948078831137
146.0 71.99755000000002 0.5340190817216713
147.0 72.38179999999998 0.3816589539665708
148.0 73.24458000000001 0.5503808168087903
150.0 73.08 0.0
151.0 72.76490000000001 0.9701999999999984
157.0 75.0828 0.0
