1 3203
2 2059
3 1480
4 1259
5 1090
6 932
7 882
8 781
9 723
10 679
11 640
12 573
13 539
14 574
15 496
16 458
17 461
18 442
19 419
20 415
21 432
22 381
23 376
24 383
25 295
26 329
27 300
28 287
29 314
30 303
31 273
32 299
33 257
34 241
35 260
36 249
37 231
38 245
39 242
40 193
41 220
42 228
43 210
44 231
45 234
46 211
47 206
48 196
49 179
50 160
51 171
52 175
53 177
54 170
55 169
56 189
57 184
58 167
59 145
60 158
61 148
62 160
63 152
64 115
65 165
66 150
67 117
68 142
69 146
70 134
71 116
72 121
73 138
74 127
75 127
76 123
77 123
78 128
79 138
80 128
81 114
82 99
83 100
84 120
85 113
86 108
87 112
88 105
89 101
90 105
91 119
92 118
93 114
94 123
95 121
96 114
97 107
98 92
99 100
100 97
101 96
102 99
103 82
104 90
105 89
106 101
107 96
108 87
109 91
110 88
111 89
112 86
113 83
114 82
115 83
116 78
117 81
118 99
119 77
120 86
121 72
122 80
123 58
124 76
125 85
126 80
127 71
128 84
129 67
130 65
131 83
132 74
133 73
134 59
135 65
136 64
137 66
138 80
139 69
140 66
141 69
142 79
143 59
144 57
145 65
146 64
147 69
148 68
149 60
150 61
151 63
152 59
153 67
154 79
155 61
156 65
157 70
158 59
159 57
160 63
161 60
162 62
163 68
164 67
165 58
166 56
167 64
168 66
169 49
170 46
171 58
172 43
173 59
174 53
175 44
176 47
177 56
178 49
179 55
180 49
181 42
182 55
183 52
184 47
185 53
186 51
187 47
188 48
189 50
190 41
191 58
192 46
193 45
194 44
195 44
196 48
197 51
198 36
199 46
200 38
201 51
202 57
203 48
204 46
205 44
206 58
207 57
208 59
209 43
210 44
211 45
212 39
213 41
214 45
215 36
216 40
217 32
218 48
219 45
220 39
221 36
222 31
223 38
224 35
225 48
226 42
227 40
228 42
229 33
230 46
231 45
232 39
233 48
234 27
235 32
236 36
237 35
238 41
239 47
240 34
241 38
242 25
243 34
244 41
245 37
246 31
247 33
248 38
249 38
250 34
251 28
252 37
253 46
254 40
255 44
256 43
257 43
258 32
259 47
260 31
261 27
262 34
263 44
264 33
265 30
266 30
267 26
268 32
269 44
270 28
271 41
272 22
273 36
274 32
275 40
276 48
277 35
278 26
279 33
280 26
281 20
282 41
283 22
284 26
285 30
286 40
287 35
288 32
289 29
290 32
291 24
292 33
293 35
294 26
295 33
296 22
297 33
298 19
299 38
300 27
301 33
302 42
303 23
304 29
305 21
306 24
307 30
308 26
309 37
310 25
311 38
312 26
313 28
314 33
315 15
316 26
317 21
318 27
319 22
320 25
321 25
322 23
323 21
324 35
325 37
326 23
327 19
328 18
329 22
330 27
331 27
332 27
333 25
334 21
335 26
336 31
337 29
338 24
339 28
340 26
341 27
342 22
343 26
344 26
345 41
346 26
347 24
348 24
349 23
350 19
351 29
352 33
353 17
354 24
355 22
356 18
357 22
358 23
359 15
360 25
361 22
362 15
363 23
364 17
365 22
366 17
367 16
368 33
369 24
370 30
371 26
372 30
373 17
374 26
375 19
376 24
377 24
378 17
379 18
380 24
381 18
382 12
383 18
384 17
385 20
386 15
387 21
388 20
389 22
390 18
391 22
392 26
393 22
394 14
395 21
396 14
397 24
398 16
399 14
400 22
401 28
402 14
403 29
404 25
405 16
406 10
407 9
408 24
409 15
410 19
411 15
412 12
413 20
414 19
415 27
416 30
417 15
418 14
419 21
420 19
421 13
422 17
423 17
424 15
425 15
426 18
427 11
428 15
429 19
430 14
431 25
432 22
433 13
434 17
435 21
436 16
437 19
438 23
439 21
440 15
441 10
442 11
443 14
444 16
445 18
446 16
447 12
448 21
449 15
450 14
451 17
452 18
453 15
454 17
455 15
456 14
457 15
458 13
459 21
460 20
461 17
462 15
463 8
464 14
465 19
466 16
467 16
468 15
469 15
470 11
471 21
472 17
473 21
474 12
475 13
476 10
477 9
478 19
479 12
480 19
481 13
482 11
483 10
484 13
485 19
486 19
487 23
488 14
489 12
490 18
491 18
492 9
493 18
494 7
495 14
496 26
497 17
498 12
499 14
500 15
501 19
502 10
503 17
504 14
505 13
506 15
507 15
508 12
509 15
510 18
511 19
512 18
513 10
514 18
515 17
516 14
517 11
518 19
519 16
520 14
521 8
522 25
523 12
524 9
525 22
526 14
527 11
528 17
529 15
530 19
531 15
532 16
533 14
534 7
535 13
536 12
537 9
538 17
539 20
540 12
541 13
542 15
543 19
544 10
545 4
546 11
547 10
548 16
549 14
550 14
551 14
552 12
553 12
554 11
555 16
556 13
557 16
558 10
559 11
560 9
561 11
562 10
563 10
564 8
565 12
566 12
567 9
568 9
569 12
570 11
571 13
572 12
573 12
574 14
575 9
576 8
577 9
578 11
579 19
580 14
581 12
582 9
583 7
584 17
585 7
586 11
587 7
588 12
589 7
590 7
591 12
592 11
593 8
594 12
595 9
596 12
597 13
598 7
599 5
600 17
601 7
602 15
603 8
604 18
605 7
606 9
607 11
608 10
609 15
610 7
611 10
612 12
613 11
614 9
615 7
616 11
617 11
618 13
619 8
620 11
621 13
622 9
623 6
624 8
625 13
626 10
627 16
628 12
629 8
630 8
631 12
632 8
633 10
634 6
635 13
636 14
637 8
638 10
639 7
640 8
641 7
642 13
643 15
644 9
645 11
646 6
647 9
648 12
649 6
650 14
651 10
652 9
653 11
654 13
655 8
656 9
657 10
658 11
659 8
660 9
661 8
662 8
663 9
664 10
665 6
666 10
667 7
668 7
669 5
670 5
671 9
672 10
673 8
674 8
675 7
676 8
677 5
678 7
679 3
680 8
681 7
682 7
683 9
684 8
685 8
686 12
687 3
688 13
689 5
690 9
691 6
692 9
693 7
694 5
695 8
696 12
697 13
698 9
699 8
700 9
701 13
702 11
703 10
704 4
705 12
706 5
707 13
708 11
709 15
710 4
711 4
712 12
713 5
714 10
715 9
716 10
717 2
718 11
719 8
720 7
721 10
722 5
723 6
724 7
725 10
726 8
727 5
728 7
729 9
730 8
731 4
732 3
733 8
734 4
735 7
736 11
737 8
738 4
739 7
740 13
741 6
742 7
743 4
744 10
745 9
746 6
747 7
748 6
749 3
750 6
751 11
752 11
753 9
754 6
755 11
756 8
757 8
758 4
759 5
760 4
761 6
762 5
763 7
764 6
765 5
766 10
767 8
768 6
769 9
770 5
771 9
772 5
773 7
774 10
775 7
776 11
777 4
778 3
779 5
780 7
781 7
782 11
783 7
784 5
785 11
786 6
787 4
788 5
789 7
790 6
791 14
792 4
793 5
794 5
795 7
796 5
797 6
798 4
799 9
800 10
801 10
802 10
803 9
804 6
805 7
806 7
807 3
808 7
809 9
810 5
811 3
812 7
813 6
814 7
815 9
816 10
817 7
818 8
819 6
820 6
821 4
822 2
823 5
824 10
825 6
826 8
827 8
828 4
829 6
830 9
831 3
832 4
833 6
834 5
835 8
836 4
837 5
838 9
839 5
840 3
841 9
842 6
843 3
844 5
845 9
846 5
847 6
848 4
849 4
850 3
851 5
852 9
853 6
854 10
855 4
856 9
857 4
858 7
859 10
860 7
861 3
862 7
863 8
864 6
865 4
866 3
867 9
868 8
869 4
870 4
871 9
872 7
873 10
874 4
875 3
876 7
877 2
878 8
879 4
880 7
881 9
882 3
883 7
884 5
885 14
886 6
887 6
888 3
889 4
890 6
891 5
892 5
893 12
894 11
895 4
896 6
897 5
898 3
899 9
900 2
901 2
902 7
903 6
904 6
905 5
906 7
907 9
908 6
909 6
910 8
911 2
912 3
913 6
914 6
915 8
916 5
917 3
918 8
919 4
920 13
921 13
922 4
923 7
924 5
925 7
926 6
928 3
929 7
930 4
931 5
932 7
933 5
934 4
935 1
936 4
937 4
938 3
939 9
940 3
941 5
942 4
943 5
944 4
945 6
946 5
947 7
948 2
949 3
950 5
951 6
952 4
953 5
954 9
955 6
956 5
957 3
958 5
959 6
960 3
961 3
962 2
963 4
964 3
965 4
966 5
967 8
968 5
969 8
970 9
971 4
972 2
973 5
974 1
975 5
976 2
977 3
978 3
979 7
980 1
981 5
982 7
983 5
984 4
985 7
986 2
987 1
988 3
989 3
990 5
991 4
992 5
993 3
994 6
995 4
996 5
997 5
998 3
999 3
1000 4
1001 4
1002 5
1003 6
1004 6
1005 5
1006 3
1007 2
1008 3
1009 4
1010 4
1011 3
1012 3
1013 6
1014 5
1015 4
1016 2
1017 3
1018 6
1019 5
1020 7
1021 7
1022 2
1023 5
1024 5
1025 5
1026 4
1027 4
1028 3
1029 5
1030 4
1031 6
1032 4
1033 6
1034 3
1035 5
1036 5
1037 3
1038 4
1039 2
1040 4
1041 5
1042 3
1043 8
1044 4
1045 8
1046 4
1047 4
1048 2
1049 2
1050 4
1051 4
1052 5
1053 4
1054 3
1055 2
1056 5
1057 5
1059 2
1060 4
1061 5
1062 1
1063 1
1064 5
1065 2
1066 2
1067 5
1068 4
1069 2
1070 3
1071 1
1072 3
1073 1
1074 3
1075 6
1076 3
1077 4
1078 6
1079 5
1080 2
1081 1
1082 5
1083 6
1084 4
1085 1
1086 3
1087 2
1088 5
1089 5
1090 5
1091 6
1092 5
1093 3
1094 4
1096 1
1097 3
1098 6
1099 1
1100 4
1101 3
1102 3
1103 4
1104 6
1105 2
1106 8
1107 8
1108 6
1109 1
1110 2
1111 2
1112 4
1113 2
1114 5
1115 2
1116 6
1117 4
1118 1
1119 4
1120 4
1121 4
1122 1
1123 2
1124 3
1125 7
1126 2
1127 1
1128 3
1129 5
1130 2
1131 4
1132 4
1133 5
1134 3
1135 2
1136 8
1137 1
1138 4
1139 3
1140 1
1141 7
1142 3
1143 6
1145 1
1147 2
1148 3
1149 1
1150 4
1151 5
1152 4
1153 2
1154 3
1155 4
1156 1
1157 3
1158 2
1159 1
1160 2
1162 4
1163 4
1164 2
1165 2
1166 3
1167 2
1168 3
1169 5
1170 8
1171 2
1172 5
1173 6
1174 3
1175 2
1176 6
1177 2
1178 2
1179 6
1180 3
1181 4
1182 3
1183 3
1184 3
1185 1
1186 1
1187 4
1188 3
1189 3
1190 4
1191 5
1192 1
1193 2
1194 1
1195 1
1196 5
1197 4
1198 4
1199 3
1200 4
1201 1
1202 2
1203 4
1204 1
1205 6
1206 4
1207 4
1208 5
1209 5
1210 2
1211 4
1212 4
1213 5
1214 3
1215 2
1216 2
1217 7
1218 4
1219 7
1220 2
1221 3
1222 2
1223 2
1224 5
1225 1
1226 3
1227 2
1228 2
1229 3
1230 3
1231 1
1232 1
1233 2
1234 2
1235 1
1236 3
1237 1
1238 2
1240 6
1241 2
1242 3
1243 4
1244 3
1245 4
1246 2
1247 2
1248 3
1249 1
1250 4
1251 3
1252 2
1253 6
1254 2
1255 2
1256 5
1257 1
1258 1
1259 3
1260 3
1261 3
1262 1
1263 2
1264 2
1265 1
1266 4
1267 2
1268 1
1269 2
1270 2
1271 3
1272 2
1273 2
1275 2
1276 4
1277 1
1278 3
1279 3
1280 2
1281 1
1282 4
1283 3
1284 5
1285 1
1286 2
1287 4
1288 2
1289 4
1290 3
1291 1
1292 3
1293 3
1294 3
1295 4
1296 4
1297 5
1299 3
1300 3
1301 3
1302 5
1303 2
1304 1
1305 1
1306 3
1307 1
1308 4
1310 3
1311 5
1312 3
1313 2
1314 5
1315 2
1316 4
1317 2
1318 1
1319 3
1320 5
1321 3
1322 2
1323 1
1324 2
1325 1
1326 2
1327 3
1328 4
1329 5
1330 6
1331 3
1332 3
1333 1
1334 4
1335 3
1336 1
1337 1
1338 4
1340 3
1341 2
1342 2
1343 4
1344 3
1345 3
1346 3
1347 1
1348 4
1349 2
1350 1
1351 3
1353 4
1354 3
1355 2
1356 1
1357 3
1358 3
1359 2
1361 3
1362 2
1363 2
1364 2
1365 3
1366 3
1367 2
1368 3
1369 4
1370 4
1372 2
1373 2
1374 1
1375 1
1376 2
1377 2
1378 4
1379 1
1380 1
1381 7
1382 3
1384 1
1385 3
1386 2
1387 2
1388 5
1389 1
1390 1
1391 1
1392 1
1393 1
1394 2
1395 1
1396 2
1397 2
1398 3
1399 2
1400 1
1401 1
1402 5
1403 4
1404 3
1405 4
1406 1
1407 5
1408 3
1410 1
1411 1
1412 2
1413 2
1414 3
1415 3
1416 6
1417 2
1418 2
1419 2
1421 1
1422 4
1423 2
1424 2
1425 3
1426 2
1427 1
1428 2
1429 1
1430 2
1432 1
1433 4
1434 1
1435 2
1436 5
1437 2
1438 4
1439 2
1440 1
1441 1
1442 5
1443 3
1444 4
1445 4
1446 2
1447 3
1448 1
1449 3
1450 2
1451 1
1452 3
1453 2
1454 2
1455 2
1456 4
1457 2
1458 3
1459 2
1460 4
1461 5
1462 1
1463 2
1464 1
1465 2
1466 2
1468 4
1470 2
1471 1
1473 5
1474 1
1475 3
1476 3
1477 5
1478 3
1479 1
1480 2
1481 1
1483 1
1484 5
1485 3
1486 2
1487 2
1489 6
1490 2
1492 2
1493 3
1495 1
1496 4
1497 4
1498 1
1499 1
1500 3
1501 4
1502 2
1503 1
1504 1
1505 3
1507 2
1509 1
1511 6
1513 1
1514 2
1515 3
1516 1
1517 2
1518 1
1519 2
1520 2
1521 1
1522 3
1523 3
1524 3
1525 1
1526 1
1527 3
1528 1
1530 3
1531 1
1532 3
1533 3
1534 4
1535 2
1536 2
1537 5
1539 1
1540 4
1541 3
1543 1
1544 2
1545 2
1546 4
1547 3
1548 4
1549 1
1550 5
1551 3
1552 3
1553 3
1554 3
1556 5
1557 3
1558 1
1560 2
1561 2
1564 1
1565 1
1566 4
1567 1
1568 1
1569 3
1570 1
1572 1
1574 3
1575 5
1576 2
1577 1
1579 3
1581 1
1582 2
1583 2
1584 1
1586 2
1588 2
1589 1
1590 1
1591 2
1592 5
1593 1
1594 2
1595 1
1596 2
1598 1
1599 2
1600 1
1603 4
1604 2
1605 1
1606 2
1607 1
1609 1
1611 2
1612 2
1613 3
1614 1
1616 5
1617 1
1620 3
1621 1
1622 1
1623 4
1626 3
1627 2
1628 1
1629 1
1630 1
1631 2
1632 1
1633 1
1634 2
1635 2
1636 3
1637 3
1638 1
1639 2
1640 1
1641 4
1642 2
1643 2
1644 1
1645 1
1647 1
1649 1
1650 2
1651 1
1652 2
1653 2
1654 3
1655 3
1656 2
1658 2
1659 4
1660 2
1661 1
1662 2
1664 1
1665 2
1666 2
1667 1
1668 1
1670 2
1671 4
1673 2
1674 1
1675 1
1678 2
1679 3
1680 2
1682 5
1683 3
1684 2
1685 2
1686 1
1687 4
1688 1
1689 3
1690 2
1691 5
1693 4
1694 1
1695 4
1697 1
1698 1
1699 3
1700 3
1702 1
1703 1
1704 1
1707 1
1708 2
1709 1
1710 1
1711 3
1712 2
1713 1
1714 1
1716 2
1718 3
1719 1
1720 3
1721 2
1722 3
1723 4
1724 1
1725 2
1727 1
1729 2
1730 1
1733 3
1734 3
1735 1
1736 1
1737 1
1739 1
1740 1
1742 1
1744 2
1745 1
1746 1
1747 1
1750 4
1751 1
1752 1
1753 1
1757 3
1758 3
1759 2
1761 1
1764 3
1765 1
1767 2
1768 2
1769 2
1773 1
1774 3
1775 1
1776 1
1778 2
1780 3
1781 1
1783 1
1784 1
1786 4
1787 2
1789 4
1791 1
1792 1
1793 1
1795 1
1796 2
1797 2
1798 1
1799 4
1800 3
1801 1
1802 1
1803 2
1804 1
1805 1
1806 2
1807 1
1808 2
1809 2
1810 1
1811 4
1812 1
1813 2
1814 2
1817 1
1820 1
1821 1
1822 1
1823 2
1824 1
1826 3
1827 1
1828 2
1830 1
1831 2
1832 1
1833 1
1834 2
1836 3
1838 1
1840 2
1841 2
1842 1
1843 1
1844 1
1847 3
1848 3
1852 1
1854 1
1857 1
1859 2
1860 2
1861 1
1863 1
1864 1
1865 2
1868 3
1870 1
1871 1
1872 2
1873 1
1874 2
1875 1
1876 1
1877 1
1879 2
1881 1
1882 2
1883 1
1884 3
1887 2
1889 2
1894 2
1895 2
1896 2
1898 2
1899 3
1900 2
1904 2
1906 1
1907 1
1909 1
1910 3
1912 1
1913 3
1915 1
1916 3
1918 5
1923 1
1924 1
1925 2
1927 2
1928 2
1929 3
1930 3
1931 1
1933 1
1934 1
1935 1
1936 1
1937 3
1938 2
1939 3
1940 2
1941 1
1944 1
1945 1
1946 1
1947 1
1948 2
1950 1
1951 2
1953 3
1954 1
1955 1
1956 1
1957 2
1960 2
1961 1
1962 2
1963 2
1964 1
1966 1
1967 1
1968 1
1970 1
1971 3
1973 3
1977 2
1978 1
1979 2
1983 1
1985 2
1987 3
1989 3
1990 1
1991 1
1992 3
1993 1
1995 2
1996 1
1997 1
1998 1
1999 2
2000 2
2005 1
2006 2
2007 1
2008 1
2009 1
2010 2
2011 3
2012 2
2013 1
2014 1
2015 2
2016 1
2017 1
2018 1
2020 3
2022 4
2023 1
2025 1
2027 1
2028 1
2029 1
2031 1
2033 1
2035 1
2039 1
2041 1
2043 1
2044 1
2045 2
2046 1
2047 1
2049 1
2050 2
2051 1
2052 1
2053 2
2054 1
2055 1
2056 3
2057 1
2058 3
2059 1
2060 1
2061 2
2062 1
2066 1
2067 1
2069 4
2071 1
2073 2
2074 3
2075 1
2077 1
2080 1
2088 3
2089 1
2090 3
2092 1
2093 2
2094 2
2095 1
2096 1
2098 2
2101 2
2104 1
2106 2
2108 2
2109 2
2111 1
2112 2
2113 1
2114 2
2116 2
2118 1
2119 2
2120 1
2122 1
2124 1
2125 2
2127 1
2128 1
2130 1
2132 1
2133 2
2135 1
2137 1
2138 1
2141 1
2142 1
2143 2
2144 3
2145 2
2146 1
2148 2
2149 1
2151 1
2152 1
2153 1
2155 1
2156 2
2157 1
2161 1
2162 1
2166 1
2167 1
2170 3
2172 1
2173 1
2174 2
2175 1
2176 2
2178 1
2180 2
2181 2
2182 1
2183 1
2184 1
2185 1
2186 1
2187 1
2189 1
2191 1
2194 1
2195 1
2198 1
2200 1
2202 1
2203 1
2205 1
2210 1
2213 1
2215 1
2216 1
2217 1
2218 3
2219 1
2221 1
2222 1
2223 1
2224 1
2227 1
2231 1
2232 1
2236 1
2238 1
2241 1
2243 1
2244 1
2245 1
2248 3
2251 1
2252 1
2253 1
2255 2
2256 3
2259 1
2262 1
2263 1
2264 1
2265 1
2268 1
2271 1
2272 1
2273 1
2274 1
2276 1
2285 1
2286 2
2287 2
2288 2
2289 1
2290 1
2291 1
2294 1
2297 3
2301 1
2302 1
2306 1
2308 1
2309 1
2310 2
2311 2
2312 1
2313 1
2314 1
2316 1
2318 2
2321 2
2322 1
2325 1
2327 2
2332 1
2333 1
2336 1
2337 2
2345 1
2346 3
2347 1
2349 1
2351 1
2353 1
2354 1
2356 1
2364 2
2365 1
2367 1
2368 1
2371 1
2373 1
2375 2
2377 1
2381 1
2383 1
2387 1
2390 1
2393 1
2397 2
2399 1
2402 1
2403 1
2406 1
2407 1
2408 1
2411 1
2413 1
2415 2
2416 1
2419 1
2420 1
2424 1
2426 1
2428 1
2431 1
2432 1
2434 2
2435 2
2436 1
2437 2
2438 1
2441 3
2444 1
2448 2
2451 1
2455 1
2456 3
2460 1
2462 2
2464 1
2466 1
2467 1
2468 2
2469 1
2472 2
2474 1
2479 1
2484 1
2485 1
2486 1
2487 1
2488 1
2490 3
2492 4
2493 1
2494 2
2495 1
2496 1
2498 1
2499 1
2502 1
2505 1
2506 1
2507 1
2510 2
2517 3
2519 2
2525 3
2528 1
2531 1
2532 1
2535 1
2538 1
2539 1
2540 4
2546 1
2548 1
2552 1
2553 1
2558 1
2559 1
2560 1
2561 1
2563 1
2570 1
2571 1
2572 1
2574 2
2575 1
2579 2
2581 1
2583 2
2584 1
2585 1
2592 1
2593 1
2595 1
2596 1
2599 1
2600 1
2602 1
2603 2
2604 1
2606 1
2607 2
2611 1
2612 1
2613 1
2614 1
2616 1
2624 1
2625 2
2626 1
2629 2
2630 1
2631 2
2633 1
2637 2
2645 2
2646 2
2647 1
2648 2
2650 1
2653 1
2656 1
2661 1
2663 1
2667 2
2668 2
2671 1
2673 1
2675 1
2676 1
2678 1
2683 1
2684 2
2685 1
2686 1
2687 1
2688 1
2690 1
2692 2
2694 1
2695 1
2696 1
2697 1
2698 1
2699 1
2707 2
2709 1
2714 2
2715 1
2716 1
2717 2
2720 2
2722 1
2723 3
2724 1
2728 2
2729 1
2730 1
2744 1
2745 1
2752 2
2757 1
2758 1
2760 1
2763 1
2770 1
2773 1
2775 1
2777 1
2783 1
2786 1
2790 3
2791 1
2795 1
2796 1
2797 1
2798 1
2801 1
2803 2
2804 1
2808 1
2810 2
2811 1
2813 2
2814 1
2817 1
2826 1
2830 1
2833 2
2834 2
2835 1
2839 1
2840 1
2842 1
2844 2
2846 2
2853 1
2859 1
2860 1
2864 1
2868 1
2871 1
2873 3
2875 2
2876 2
2883 3
2886 1
2888 2
2889 1
2896 1
2897 1
2903 1
2905 1
2908 1
2909 2
2913 1
2917 1
2919 1
2920 1
2921 1
2923 1
2924 1
2926 1
2928 1
2931 1
2937 1
2940 1
2945 2
2946 1
2947 1
2949 1
2958 1
2960 1
2963 1
2964 1
2971 2
2972 2
2976 1
2978 1
2981 1
2983 1
2988 2
2990 1
2999 1
3003 1
3005 1
3010 1
3011 1
3014 1
3017 1
3019 1
3030 1
3032 1
3033 1
3038 1
3039 2
3040 1
3041 1
3043 1
3047 1
3048 1
3050 1
3052 1
3058 1
3059 1
3060 1
3061 1
3072 1
3073 1
3074 1
3075 1
3077 1
3084 1
3090 1
3093 1
3094 1
3096 1
3097 1
3103 1
3104 1
3105 1
3109 1
3112 1
3114 1
3117 1
3118 1
3119 1
3120 1
3122 1
3126 1
3134 1
3136 1
3137 1
3141 1
3143 1
3147 1
3151 1
3156 1
3159 1
3162 2
3165 1
3170 1
3171 1
3173 1
3177 1
3178 1
3181 1
3184 1
3185 1
3187 1
3188 2
3194 1
3195 3
3204 1
3205 1
3210 1
3211 1
3217 2
3221 2
3225 1
3231 1
3232 1
3236 1
3241 1
3244 1
3250 1
3256 1
3261 1
3262 1
3263 1
3265 1
3279 1
3280 1
3286 1
3287 1
3291 1
3298 1
3299 1
3300 1
3304 1
3306 1
3308 1
3309 2
3312 2
3318 1
3329 1
3342 1
3354 1
3359 1
3360 2
3362 2
3363 1
3364 1
3366 1
3371 1
3373 1
3376 1
3379 1
3381 1
3383 1
3387 1
3391 1
3394 2
3401 2
3402 1
3407 1
3421 1
3425 1
3426 1
3427 1
3428 1
3429 1
3432 2
3437 1
3439 1
3442 2
3456 1
3465 1
3473 1
3474 1
3481 1
3487 1
3489 1
3496 1
3497 1
3504 1
3507 1
3511 1
3513 1
3517 1
3519 1
3523 1
3524 1
3530 1
3534 1
3537 1
3556 1
3560 1
3563 1
3569 1
3571 1
3574 1
3577 1
3578 1
3586 1
3602 1
3603 1
3607 1
3608 1
3613 1
3623 1
3625 1
3631 1
3632 1
3635 1
3644 1
3654 1
3661 1
3664 1
3668 1
3676 1
3679 1
3687 1
3689 1
3691 1
3694 1
3696 2
3701 1
3713 1
3714 1
3717 1
3720 1
3724 1
3727 1
3728 1
3746 1
3748 1
3758 1
3764 1
3771 1
3773 1
3774 2
3776 1
3778 2
3793 1
3796 1
3798 1
3799 1
3802 1
3807 2
3812 1
3813 1
3831 1
3833 1
3834 1
3836 1
3847 1
3859 1
3868 1
3876 1
3880 1
3886 1
3891 1
3904 1
3906 1
3910 2
3911 1
3915 1
3918 1
3930 1
3935 1
3936 2
3938 1
3941 1
3944 1
3952 1
3956 1
3957 1
3967 1
3968 1
3969 1
3971 1
3980 1
3989 1
3994 1
4007 1
4010 1
4025 1
4027 1
4032 1
4035 1
4036 1
4048 1
4049 1
4058 1
4059 1
4074 1
4082 1
4085 1
4087 1
4091 1
4093 1
4108 1
4113 1
4118 1
4125 1
4127 1
4134 1
4146 1
4147 1
4162 1
4166 1
4167 1
4169 3
4183 1
4190 1
4194 1
4197 1
4201 2
4204 2
4220 1
4222 1
4231 1
4234 1
4244 1
4248 1
4250 1
4257 1
4261 1
4263 1
4264 1
4275 1
4304 1
4306 1
4309 1
4331 1
4333 1
4364 1
4367 1
4372 1
4376 1
4383 1
4391 1
4392 2
4402 1
4413 1
4421 2
4423 1
4432 1
4453 1
4457 1
4479 1
4483 1
4498 1
4521 1
4526 1
4527 1
4528 1
4534 1
4536 1
4606 1
4609 1
4610 1
4611 1
4619 1
4620 1
4624 1
4625 1
4626 1
4627 1
4645 1
4647 1
4659 1
4673 1
4689 1
4696 1
4710 1
4711 1
4713 1
4719 1
4722 1
4731 1
4733 1
4736 1
4753 1
4756 1
4762 1
4772 1
4774 1
4775 1
4785 1
4805 1
4817 1
4823 1
4829 1
4875 1
4908 1
4931 1
4959 1
4983 1
4999 1
5005 1
5018 1
5020 1
5035 1
5037 1
5042 1
5043 1
5044 1
5054 1
5074 1
5100 1
5107 1
5168 1
5184 1
5201 1
5213 1
5263 1
5274 1
5283 1
5284 1
5291 1
5293 1
5308 1
5312 1
5314 1
5315 1
5319 1
5320 1
5336 1
5339 1
5341 1
5366 1
5369 1
5379 1
5389 1
5393 1
5395 1
5422 1
5425 1
5434 1
5441 1
5450 1
5459 1
5463 1
5524 1
5536 1
5547 1
5554 1
5571 1
5577 1
5581 1
5585 1
5593 1
5632 1
5633 1
5648 1
5652 1
5657 1
5689 1
5691 1
5698 1
5720 1
5744 1
5771 1
5781 1
5818 1
5856 1
5887 1
5953 1
5967 1
6008 1
6043 1
6047 1
6061 1
6067 1
6127 1
6146 1
6159 1
6169 1
6189 1
6240 1
6246 1
6247 1
6254 1
6312 1
6380 1
6382 1
6393 1
6400 1
6424 1
6456 2
6484 1
6533 1
6596 1
6601 1
6633 1
6681 1
6691 1
6722 1
6724 2
6733 1
6766 1
6774 1
6787 1
6872 1
6876 1
6896 1
6935 1
6977 1
7028 1
7037 1
7063 1
7078 1
7102 1
7204 1
7218 1
7301 1
7312 1
7330 1
7383 1
7391 1
7416 1
7422 1
7609 1
7687 1
7739 1
7794 1
7843 1
7882 1
7905 1
7928 1
8026 1
8073 1
8077 1
8160 1
8282 1
8504 1
9048 1
9129 1
9376 1
9457 1
9686 1
9742 1
9779 1
9845 1
10628 1
11083 1
11498 1
12054 1
12212 1
12385 1
14530 1
14841 1
15243 1
17534 1
17672 1
17861 1
25238 1
